  0.0000e+00  0.0000e+00
  9.9800e-04  8.9314e-03
  1.9960e-03  1.7764e-02
  2.9940e-03  2.6499e-02
  3.9920e-03  3.5138e-02
  4.9900e-03  4.3680e-02
  5.9880e-03  5.2129e-02
  6.9860e-03  6.0483e-02
  7.9840e-03  6.8744e-02
  8.9820e-03  7.6913e-02
  9.9800e-03  8.4992e-02
  1.0978e-02  9.2980e-02
  1.1976e-02  1.0088e-01
  1.2974e-02  1.0869e-01
  1.3972e-02  1.1641e-01
  1.4970e-02  1.2405e-01
  1.5968e-02  1.3160e-01
  1.6966e-02  1.3907e-01
  1.7964e-02  1.4645e-01
  1.8962e-02  1.5375e-01
  1.9960e-02  1.6096e-01
  2.0958e-02  1.6810e-01
  2.1956e-02  1.7515e-01
  2.2954e-02  1.8212e-01
  2.3952e-02  1.8902e-01
  2.4950e-02  1.9583e-01
  2.5948e-02  2.0257e-01
  2.6946e-02  2.0924e-01
  2.7944e-02  2.1582e-01
  2.8942e-02  2.2233e-01
  2.9940e-02  2.2877e-01
  3.0938e-02  2.3513e-01
  3.1936e-02  2.4142e-01
  3.2934e-02  2.4763e-01
  3.3932e-02  2.5378e-01
  3.4930e-02  2.5985e-01
  3.5928e-02  2.6586e-01
  3.6926e-02  2.7179e-01
  3.7924e-02  2.7766e-01
  3.8922e-02  2.8345e-01
  3.9920e-02  2.8918e-01
  4.0918e-02  2.9485e-01
  4.1916e-02  3.0044e-01
  4.2914e-02  3.0597e-01
  4.3912e-02  3.1144e-01
  4.4910e-02  3.1684e-01
  4.5908e-02  3.2218e-01
  4.6906e-02  3.2746e-01
  4.7904e-02  3.3267e-01
  4.8902e-02  3.3782e-01
  4.9900e-02  3.4291e-01
  5.0898e-02  3.4794e-01
  5.1896e-02  3.5291e-01
  5.2894e-02  3.5782e-01
  5.3892e-02  3.6268e-01
  5.4890e-02  3.6747e-01
  5.5888e-02  3.7221e-01
  5.6886e-02  3.7689e-01
  5.7884e-02  3.8151e-01
  5.8882e-02  3.8608e-01
  5.9880e-02  3.9059e-01
  6.0878e-02  3.9505e-01
  6.1876e-02  3.9945e-01
  6.2874e-02  4.0380e-01
  6.3872e-02  4.0810e-01
  6.4870e-02  4.1234e-01
  6.5868e-02  4.1653e-01
  6.6866e-02  4.2067e-01
  6.7864e-02  4.2476e-01
  6.8862e-02  4.2880e-01
  6.9860e-02  4.3279e-01
  7.0858e-02  4.3673e-01
  7.1856e-02  4.4062e-01
  7.2854e-02  4.4446e-01
  7.3852e-02  4.4825e-01
  7.4850e-02  4.5200e-01
  7.5848e-02  4.5570e-01
  7.6846e-02  4.5935e-01
  7.7844e-02  4.6296e-01
  7.8842e-02  4.6652e-01
  7.9840e-02  4.7003e-01
  8.0838e-02  4.7350e-01
  8.1836e-02  4.7693e-01
  8.2834e-02  4.8031e-01
  8.3832e-02  4.8365e-01
  8.4830e-02  4.8694e-01
  8.5828e-02  4.9020e-01
  8.6826e-02  4.9341e-01
  8.7824e-02  4.9658e-01
  8.8822e-02  4.9970e-01
  8.9820e-02  5.0279e-01
  9.0818e-02  5.0583e-01
  9.1816e-02  5.0884e-01
  9.2814e-02  5.1181e-01
  9.3812e-02  5.1473e-01
  9.4810e-02  5.1762e-01
  9.5808e-02  5.2047e-01
  9.6806e-02  5.2328e-01
  9.7804e-02  5.2605e-01
  9.8802e-02  5.2879e-01
  9.9800e-02  5.3149e-01
  1.0080e-01  5.3415e-01
  1.0180e-01  5.3677e-01
  1.0279e-01  5.3936e-01
  1.0379e-01  5.4191e-01
  1.0479e-01  5.4443e-01
  1.0579e-01  5.4692e-01
  1.0679e-01  5.4937e-01
  1.0778e-01  5.5178e-01
  1.0878e-01  5.5416e-01
  1.0978e-01  5.5651e-01
  1.1078e-01  5.5882e-01
  1.1178e-01  5.6110e-01
  1.1277e-01  5.6335e-01
  1.1377e-01  5.6557e-01
  1.1477e-01  5.6775e-01
  1.1577e-01  5.6990e-01
  1.1677e-01  5.7202e-01
  1.1776e-01  5.7412e-01
  1.1876e-01  5.7617e-01
  1.1976e-01  5.7820e-01
  1.2076e-01  5.8020e-01
  1.2176e-01  5.8217e-01
  1.2275e-01  5.8411e-01
  1.2375e-01  5.8602e-01
  1.2475e-01  5.8791e-01
  1.2575e-01  5.8976e-01
  1.2675e-01  5.9158e-01
  1.2774e-01  5.9338e-01
  1.2874e-01  5.9515e-01
  1.2974e-01  5.9689e-01
  1.3074e-01  5.9861e-01
  1.3174e-01  6.0029e-01
  1.3273e-01  6.0195e-01
  1.3373e-01  6.0359e-01
  1.3473e-01  6.0520e-01
  1.3573e-01  6.0678e-01
  1.3673e-01  6.0834e-01
  1.3772e-01  6.0987e-01
  1.3872e-01  6.1137e-01
  1.3972e-01  6.1285e-01
  1.4072e-01  6.1431e-01
  1.4172e-01  6.1574e-01
  1.4271e-01  6.1715e-01
  1.4371e-01  6.1854e-01
  1.4471e-01  6.1990e-01
  1.4571e-01  6.2123e-01
  1.4671e-01  6.2255e-01
  1.4770e-01  6.2384e-01
  1.4870e-01  6.2511e-01
  1.4970e-01  6.2635e-01
  1.5070e-01  6.2758e-01
  1.5170e-01  6.2878e-01
  1.5269e-01  6.2996e-01
  1.5369e-01  6.3111e-01
  1.5469e-01  6.3225e-01
  1.5569e-01  6.3337e-01
  1.5669e-01  6.3446e-01
  1.5768e-01  6.3553e-01
  1.5868e-01  6.3659e-01
  1.5968e-01  6.3762e-01
  1.6068e-01  6.3863e-01
  1.6168e-01  6.3962e-01
  1.6267e-01  6.4060e-01
  1.6367e-01  6.4155e-01
  1.6467e-01  6.4248e-01
  1.6567e-01  6.4340e-01
  1.6667e-01  6.4429e-01
  1.6766e-01  6.4517e-01
  1.6866e-01  6.4603e-01
  1.6966e-01  6.4687e-01
  1.7066e-01  6.4769e-01
  1.7166e-01  6.4849e-01
  1.7265e-01  6.4928e-01
  1.7365e-01  6.5005e-01
  1.7465e-01  6.5080e-01
  1.7565e-01  6.5153e-01
  1.7665e-01  6.5224e-01
  1.7764e-01  6.5294e-01
  1.7864e-01  6.5362e-01
  1.7964e-01  6.5429e-01
  1.8064e-01  6.5494e-01
  1.8164e-01  6.5557e-01
  1.8263e-01  6.5619e-01
  1.8363e-01  6.5679e-01
  1.8463e-01  6.5737e-01
  1.8563e-01  6.5794e-01
  1.8663e-01  6.5849e-01
  1.8762e-01  6.5903e-01
  1.8862e-01  6.5955e-01
  1.8962e-01  6.6006e-01
  1.9062e-01  6.6055e-01
  1.9162e-01  6.6103e-01
  1.9261e-01  6.6149e-01
  1.9361e-01  6.6194e-01
  1.9461e-01  6.6237e-01
  1.9561e-01  6.6279e-01
  1.9661e-01  6.6319e-01
  1.9760e-01  6.6359e-01
  1.9860e-01  6.6396e-01
  1.9960e-01  6.6433e-01
  2.0060e-01  6.6468e-01
  2.0160e-01  6.6501e-01
  2.0259e-01  6.6534e-01
  2.0359e-01  6.6565e-01
  2.0459e-01  6.6595e-01
  2.0559e-01  6.6623e-01
  2.0659e-01  6.6650e-01
  2.0758e-01  6.6676e-01
  2.0858e-01  6.6701e-01
  2.0958e-01  6.6724e-01
  2.1058e-01  6.6747e-01
  2.1158e-01  6.6768e-01
  2.1257e-01  6.6787e-01
  2.1357e-01  6.6806e-01
  2.1457e-01  6.6823e-01
  2.1557e-01  6.6840e-01
  2.1657e-01  6.6855e-01
  2.1756e-01  6.6869e-01
  2.1856e-01  6.6882e-01
  2.1956e-01  6.6893e-01
  2.2056e-01  6.6904e-01
  2.2156e-01  6.6913e-01
  2.2255e-01  6.6922e-01
  2.2355e-01  6.6929e-01
  2.2455e-01  6.6936e-01
  2.2555e-01  6.6941e-01
  2.2655e-01  6.6945e-01
  2.2754e-01  6.6948e-01
  2.2854e-01  6.6950e-01
  2.2954e-01  6.6951e-01
  2.3054e-01  6.6952e-01
  2.3154e-01  6.6951e-01
  2.3253e-01  6.6949e-01
  2.3353e-01  6.6946e-01
  2.3453e-01  6.6942e-01
  2.3553e-01  6.6937e-01
  2.3653e-01  6.6932e-01
  2.3752e-01  6.6925e-01
  2.3852e-01  6.6918e-01
  2.3952e-01  6.6909e-01
  2.4052e-01  6.6900e-01
  2.4152e-01  6.6890e-01
  2.4251e-01  6.6878e-01
  2.4351e-01  6.6866e-01
  2.4451e-01  6.6853e-01
  2.4551e-01  6.6840e-01
  2.4651e-01  6.6825e-01
  2.4750e-01  6.6809e-01
  2.4850e-01  6.6793e-01
  2.4950e-01  6.6776e-01
  2.5050e-01  6.6758e-01
  2.5150e-01  6.6739e-01
  2.5250e-01  6.6720e-01
  2.5349e-01  6.6699e-01
  2.5449e-01  6.6678e-01
  2.5549e-01  6.6656e-01
  2.5649e-01  6.6633e-01
  2.5749e-01  6.6610e-01
  2.5848e-01  6.6586e-01
  2.5948e-01  6.6561e-01
  2.6048e-01  6.6535e-01
  2.6148e-01  6.6508e-01
  2.6248e-01  6.6481e-01
  2.6347e-01  6.6453e-01
  2.6447e-01  6.6425e-01
  2.6547e-01  6.6395e-01
  2.6647e-01  6.6365e-01
  2.6747e-01  6.6334e-01
  2.6846e-01  6.6303e-01
  2.6946e-01  6.6271e-01
  2.7046e-01  6.6238e-01
  2.7146e-01  6.6205e-01
  2.7246e-01  6.6170e-01
  2.7345e-01  6.6136e-01
  2.7445e-01  6.6100e-01
  2.7545e-01  6.6064e-01
  2.7645e-01  6.6027e-01
  2.7745e-01  6.5990e-01
  2.7844e-01  6.5952e-01
  2.7944e-01  6.5914e-01
  2.8044e-01  6.5874e-01
  2.8144e-01  6.5835e-01
  2.8244e-01  6.5794e-01
  2.8343e-01  6.5753e-01
  2.8443e-01  6.5712e-01
  2.8543e-01  6.5670e-01
  2.8643e-01  6.5627e-01
  2.8743e-01  6.5584e-01
  2.8842e-01  6.5540e-01
  2.8942e-01  6.5495e-01
  2.9042e-01  6.5451e-01
  2.9142e-01  6.5405e-01
  2.9242e-01  6.5359e-01
  2.9341e-01  6.5312e-01
  2.9441e-01  6.5265e-01
  2.9541e-01  6.5218e-01
  2.9641e-01  6.5170e-01
  2.9741e-01  6.5121e-01
  2.9840e-01  6.5072e-01
  2.9940e-01  6.5022e-01
  3.0040e-01  6.4972e-01
  3.0140e-01  6.4921e-01
  3.0240e-01  6.4870e-01
  3.0339e-01  6.4819e-01
  3.0439e-01  6.4767e-01
  3.0539e-01  6.4714e-01
  3.0639e-01  6.4661e-01
  3.0739e-01  6.4607e-01
  3.0838e-01  6.4553e-01
  3.0938e-01  6.4499e-01
  3.1038e-01  6.4444e-01
  3.1138e-01  6.4389e-01
  3.1238e-01  6.4333e-01
  3.1337e-01  6.4277e-01
  3.1437e-01  6.4220e-01
  3.1537e-01  6.4163e-01
  3.1637e-01  6.4106e-01
  3.1737e-01  6.4048e-01
  3.1836e-01  6.3989e-01
  3.1936e-01  6.3931e-01
  3.2036e-01  6.3871e-01
  3.2136e-01  6.3812e-01
  3.2236e-01  6.3752e-01
  3.2335e-01  6.3692e-01
  3.2435e-01  6.3631e-01
  3.2535e-01  6.3570e-01
  3.2635e-01  6.3508e-01
  3.2735e-01  6.3446e-01
  3.2834e-01  6.3384e-01
  3.2934e-01  6.3321e-01
  3.3034e-01  6.3258e-01
  3.3134e-01  6.3195e-01
  3.3234e-01  6.3131e-01
  3.3333e-01  6.3067e-01
  3.3433e-01  6.3003e-01
  3.3533e-01  6.2938e-01
  3.3633e-01  6.2873e-01
  3.3733e-01  6.2807e-01
  3.3832e-01  6.2741e-01
  3.3932e-01  6.2675e-01
  3.4032e-01  6.2608e-01
  3.4132e-01  6.2542e-01
  3.4232e-01  6.2474e-01
  3.4331e-01  6.2407e-01
  3.4431e-01  6.2339e-01
  3.4531e-01  6.2271e-01
  3.4631e-01  6.2202e-01
  3.4731e-01  6.2134e-01
  3.4830e-01  6.2065e-01
  3.4930e-01  6.1995e-01
  3.5030e-01  6.1925e-01
  3.5130e-01  6.1855e-01
  3.5230e-01  6.1785e-01
  3.5329e-01  6.1715e-01
  3.5429e-01  6.1644e-01
  3.5529e-01  6.1573e-01
  3.5629e-01  6.1501e-01
  3.5729e-01  6.1429e-01
  3.5828e-01  6.1357e-01
  3.5928e-01  6.1285e-01
  3.6028e-01  6.1212e-01
  3.6128e-01  6.1140e-01
  3.6228e-01  6.1067e-01
  3.6327e-01  6.0993e-01
  3.6427e-01  6.0920e-01
  3.6527e-01  6.0846e-01
  3.6627e-01  6.0771e-01
  3.6727e-01  6.0697e-01
  3.6826e-01  6.0622e-01
  3.6926e-01  6.0547e-01
  3.7026e-01  6.0472e-01
  3.7126e-01  6.0397e-01
  3.7226e-01  6.0321e-01
  3.7325e-01  6.0245e-01
  3.7425e-01  6.0169e-01
  3.7525e-01  6.0093e-01
  3.7625e-01  6.0016e-01
  3.7725e-01  5.9939e-01
  3.7824e-01  5.9862e-01
  3.7924e-01  5.9785e-01
  3.8024e-01  5.9708e-01
  3.8124e-01  5.9630e-01
  3.8224e-01  5.9552e-01
  3.8323e-01  5.9474e-01
  3.8423e-01  5.9395e-01
  3.8523e-01  5.9317e-01
  3.8623e-01  5.9238e-01
  3.8723e-01  5.9159e-01
  3.8822e-01  5.9080e-01
  3.8922e-01  5.9000e-01
  3.9022e-01  5.8921e-01
  3.9122e-01  5.8841e-01
  3.9222e-01  5.8761e-01
  3.9321e-01  5.8681e-01
  3.9421e-01  5.8600e-01
  3.9521e-01  5.8519e-01
  3.9621e-01  5.8439e-01
  3.9721e-01  5.8358e-01
  3.9820e-01  5.8276e-01
  3.9920e-01  5.8195e-01
  4.0020e-01  5.8114e-01
  4.0120e-01  5.8032e-01
  4.0220e-01  5.7950e-01
  4.0319e-01  5.7868e-01
  4.0419e-01  5.7785e-01
  4.0519e-01  5.7703e-01
  4.0619e-01  5.7620e-01
  4.0719e-01  5.7538e-01
  4.0818e-01  5.7455e-01
  4.0918e-01  5.7371e-01
  4.1018e-01  5.7288e-01
  4.1118e-01  5.7205e-01
  4.1218e-01  5.7121e-01
  4.1317e-01  5.7037e-01
  4.1417e-01  5.6953e-01
  4.1517e-01  5.6869e-01
  4.1617e-01  5.6785e-01
  4.1717e-01  5.6701e-01
  4.1816e-01  5.6616e-01
  4.1916e-01  5.6531e-01
  4.2016e-01  5.6446e-01
  4.2116e-01  5.6361e-01
  4.2216e-01  5.6276e-01
  4.2315e-01  5.6191e-01
  4.2415e-01  5.6105e-01
  4.2515e-01  5.6020e-01
  4.2615e-01  5.5934e-01
  4.2715e-01  5.5848e-01
  4.2814e-01  5.5762e-01
  4.2914e-01  5.5676e-01
  4.3014e-01  5.5590e-01
  4.3114e-01  5.5503e-01
  4.3214e-01  5.5417e-01
  4.3313e-01  5.5330e-01
  4.3413e-01  5.5243e-01
  4.3513e-01  5.5156e-01
  4.3613e-01  5.5069e-01
  4.3713e-01  5.4982e-01
  4.3812e-01  5.4894e-01
  4.3912e-01  5.4807e-01
  4.4012e-01  5.4719e-01
  4.4112e-01  5.4632e-01
  4.4212e-01  5.4544e-01
  4.4311e-01  5.4456e-01
  4.4411e-01  5.4368e-01
  4.4511e-01  5.4280e-01
  4.4611e-01  5.4191e-01
  4.4711e-01  5.4103e-01
  4.4810e-01  5.4014e-01
  4.4910e-01  5.3926e-01
  4.5010e-01  5.3837e-01
  4.5110e-01  5.3748e-01
  4.5210e-01  5.3659e-01
  4.5309e-01  5.3570e-01
  4.5409e-01  5.3481e-01
  4.5509e-01  5.3391e-01
  4.5609e-01  5.3302e-01
  4.5709e-01  5.3213e-01
  4.5808e-01  5.3123e-01
  4.5908e-01  5.3033e-01
  4.6008e-01  5.2943e-01
  4.6108e-01  5.2853e-01
  4.6208e-01  5.2763e-01
  4.6307e-01  5.2673e-01
  4.6407e-01  5.2583e-01
  4.6507e-01  5.2493e-01
  4.6607e-01  5.2402e-01
  4.6707e-01  5.2312e-01
  4.6806e-01  5.2221e-01
  4.6906e-01  5.2131e-01
  4.7006e-01  5.2040e-01
  4.7106e-01  5.1949e-01
  4.7206e-01  5.1858e-01
  4.7305e-01  5.1767e-01
  4.7405e-01  5.1676e-01
  4.7505e-01  5.1585e-01
  4.7605e-01  5.1493e-01
  4.7705e-01  5.1402e-01
  4.7804e-01  5.1310e-01
  4.7904e-01  5.1219e-01
  4.8004e-01  5.1127e-01
  4.8104e-01  5.1035e-01
  4.8204e-01  5.0944e-01
  4.8303e-01  5.0852e-01
  4.8403e-01  5.0760e-01
  4.8503e-01  5.0668e-01
  4.8603e-01  5.0576e-01
  4.8703e-01  5.0483e-01
  4.8802e-01  5.0391e-01
  4.8902e-01  5.0299e-01
  4.9002e-01  5.0206e-01
  4.9102e-01  5.0114e-01
  4.9202e-01  5.0021e-01
  4.9301e-01  4.9929e-01
  4.9401e-01  4.9836e-01
  4.9501e-01  4.9743e-01
  4.9601e-01  4.9650e-01
  4.9701e-01  4.9557e-01
  4.9800e-01  4.9464e-01
  4.9900e-01  4.9371e-01
  5.0000e-01  4.9278e-01
  5.0100e-01  4.9185e-01
  5.0200e-01  4.9092e-01
  5.0299e-01  4.8998e-01
  5.0399e-01  4.8905e-01
  5.0499e-01  4.8811e-01
  5.0599e-01  4.8718e-01
  5.0699e-01  4.8624e-01
  5.0798e-01  4.8531e-01
  5.0898e-01  4.8437e-01
  5.0998e-01  4.8343e-01
  5.1098e-01  4.8249e-01
  5.1198e-01  4.8155e-01
  5.1297e-01  4.8061e-01
  5.1397e-01  4.7967e-01
  5.1497e-01  4.7873e-01
  5.1597e-01  4.7779e-01
  5.1697e-01  4.7685e-01
  5.1796e-01  4.7591e-01
  5.1896e-01  4.7497e-01
  5.1996e-01  4.7402e-01
  5.2096e-01  4.7308e-01
  5.2196e-01  4.7213e-01
  5.2295e-01  4.7119e-01
  5.2395e-01  4.7024e-01
  5.2495e-01  4.6930e-01
  5.2595e-01  4.6835e-01
  5.2695e-01  4.6740e-01
  5.2794e-01  4.6645e-01
  5.2894e-01  4.6551e-01
  5.2994e-01  4.6456e-01
  5.3094e-01  4.6361e-01
  5.3194e-01  4.6266e-01
  5.3293e-01  4.6171e-01
  5.3393e-01  4.6076e-01
  5.3493e-01  4.5980e-01
  5.3593e-01  4.5885e-01
  5.3693e-01  4.5790e-01
  5.3792e-01  4.5695e-01
  5.3892e-01  4.5599e-01
  5.3992e-01  4.5504e-01
  5.4092e-01  4.5409e-01
  5.4192e-01  4.5313e-01
  5.4291e-01  4.5218e-01
  5.4391e-01  4.5122e-01
  5.4491e-01  4.5027e-01
  5.4591e-01  4.4931e-01
  5.4691e-01  4.4835e-01
  5.4790e-01  4.4740e-01
  5.4890e-01  4.4644e-01
  5.4990e-01  4.4548e-01
  5.5090e-01  4.4452e-01
  5.5190e-01  4.4356e-01
  5.5289e-01  4.4260e-01
  5.5389e-01  4.4165e-01
  5.5489e-01  4.4069e-01
  5.5589e-01  4.3973e-01
  5.5689e-01  4.3876e-01
  5.5788e-01  4.3780e-01
  5.5888e-01  4.3684e-01
  5.5988e-01  4.3588e-01
  5.6088e-01  4.3492e-01
  5.6188e-01  4.3396e-01
  5.6287e-01  4.3299e-01
  5.6387e-01  4.3203e-01
  5.6487e-01  4.3107e-01
  5.6587e-01  4.3010e-01
  5.6687e-01  4.2914e-01
  5.6786e-01  4.2817e-01
  5.6886e-01  4.2721e-01
  5.6986e-01  4.2624e-01
  5.7086e-01  4.2528e-01
  5.7186e-01  4.2431e-01
  5.7285e-01  4.2334e-01
  5.7385e-01  4.2238e-01
  5.7485e-01  4.2141e-01
  5.7585e-01  4.2044e-01
  5.7685e-01  4.1948e-01
  5.7784e-01  4.1851e-01
  5.7884e-01  4.1754e-01
  5.7984e-01  4.1657e-01
  5.8084e-01  4.1560e-01
  5.8184e-01  4.1463e-01
  5.8283e-01  4.1366e-01
  5.8383e-01  4.1269e-01
  5.8483e-01  4.1172e-01
  5.8583e-01  4.1075e-01
  5.8683e-01  4.0978e-01
  5.8782e-01  4.0881e-01
  5.8882e-01  4.0784e-01
  5.8982e-01  4.0687e-01
  5.9082e-01  4.0590e-01
  5.9182e-01  4.0493e-01
  5.9281e-01  4.0395e-01
  5.9381e-01  4.0298e-01
  5.9481e-01  4.0201e-01
  5.9581e-01  4.0104e-01
  5.9681e-01  4.0006e-01
  5.9780e-01  3.9909e-01
  5.9880e-01  3.9811e-01
  5.9980e-01  3.9714e-01
  6.0080e-01  3.9617e-01
  6.0180e-01  3.9519e-01
  6.0279e-01  3.9422e-01
  6.0379e-01  3.9324e-01
  6.0479e-01  3.9227e-01
  6.0579e-01  3.9129e-01
  6.0679e-01  3.9032e-01
  6.0778e-01  3.8934e-01
  6.0878e-01  3.8836e-01
  6.0978e-01  3.8739e-01
  6.1078e-01  3.8641e-01
  6.1178e-01  3.8543e-01
  6.1277e-01  3.8446e-01
  6.1377e-01  3.8348e-01
  6.1477e-01  3.8250e-01
  6.1577e-01  3.8152e-01
  6.1677e-01  3.8055e-01
  6.1776e-01  3.7957e-01
  6.1876e-01  3.7859e-01
  6.1976e-01  3.7761e-01
  6.2076e-01  3.7663e-01
  6.2176e-01  3.7565e-01
  6.2275e-01  3.7467e-01
  6.2375e-01  3.7370e-01
  6.2475e-01  3.7272e-01
  6.2575e-01  3.7174e-01
  6.2675e-01  3.7076e-01
  6.2774e-01  3.6978e-01
  6.2874e-01  3.6880e-01
  6.2974e-01  3.6782e-01
  6.3074e-01  3.6683e-01
  6.3174e-01  3.6585e-01
  6.3273e-01  3.6487e-01
  6.3373e-01  3.6389e-01
  6.3473e-01  3.6291e-01
  6.3573e-01  3.6193e-01
  6.3673e-01  3.6095e-01
  6.3772e-01  3.5996e-01
  6.3872e-01  3.5898e-01
  6.3972e-01  3.5800e-01
  6.4072e-01  3.5702e-01
  6.4172e-01  3.5604e-01
  6.4271e-01  3.5505e-01
  6.4371e-01  3.5407e-01
  6.4471e-01  3.5309e-01
  6.4571e-01  3.5210e-01
  6.4671e-01  3.5112e-01
  6.4770e-01  3.5014e-01
  6.4870e-01  3.4915e-01
  6.4970e-01  3.4817e-01
  6.5070e-01  3.4719e-01
  6.5170e-01  3.4620e-01
  6.5269e-01  3.4522e-01
  6.5369e-01  3.4423e-01
  6.5469e-01  3.4325e-01
  6.5569e-01  3.4226e-01
  6.5669e-01  3.4128e-01
  6.5768e-01  3.4029e-01
  6.5868e-01  3.3931e-01
  6.5968e-01  3.3832e-01
  6.6068e-01  3.3734e-01
  6.6168e-01  3.3635e-01
  6.6267e-01  3.3537e-01
  6.6367e-01  3.3438e-01
  6.6467e-01  3.3339e-01
  6.6567e-01  3.3241e-01
  6.6667e-01  3.3142e-01
  6.6766e-01  3.3044e-01
  6.6866e-01  3.2945e-01
  6.6966e-01  3.2846e-01
  6.7066e-01  3.2748e-01
  6.7166e-01  3.2649e-01
  6.7265e-01  3.2550e-01
  6.7365e-01  3.2452e-01
  6.7465e-01  3.2353e-01
  6.7565e-01  3.2254e-01
  6.7665e-01  3.2155e-01
  6.7764e-01  3.2057e-01
  6.7864e-01  3.1958e-01
  6.7964e-01  3.1859e-01
  6.8064e-01  3.1760e-01
  6.8164e-01  3.1662e-01
  6.8263e-01  3.1563e-01
  6.8363e-01  3.1464e-01
  6.8463e-01  3.1365e-01
  6.8563e-01  3.1266e-01
  6.8663e-01  3.1167e-01
  6.8762e-01  3.1069e-01
  6.8862e-01  3.0970e-01
  6.8962e-01  3.0871e-01
  6.9062e-01  3.0772e-01
  6.9162e-01  3.0673e-01
  6.9261e-01  3.0574e-01
  6.9361e-01  3.0475e-01
  6.9461e-01  3.0376e-01
  6.9561e-01  3.0277e-01
  6.9661e-01  3.0178e-01
  6.9760e-01  3.0079e-01
  6.9860e-01  2.9980e-01
  6.9960e-01  2.9881e-01
  7.0060e-01  2.9782e-01
  7.0160e-01  2.9683e-01
  7.0259e-01  2.9584e-01
  7.0359e-01  2.9485e-01
  7.0459e-01  2.9386e-01
  7.0559e-01  2.9287e-01
  7.0659e-01  2.9188e-01
  7.0758e-01  2.9089e-01
  7.0858e-01  2.8990e-01
  7.0958e-01  2.8891e-01
  7.1058e-01  2.8792e-01
  7.1158e-01  2.8693e-01
  7.1257e-01  2.8594e-01
  7.1357e-01  2.8495e-01
  7.1457e-01  2.8396e-01
  7.1557e-01  2.8297e-01
  7.1657e-01  2.8198e-01
  7.1756e-01  2.8098e-01
  7.1856e-01  2.7999e-01
  7.1956e-01  2.7900e-01
  7.2056e-01  2.7801e-01
  7.2156e-01  2.7702e-01
  7.2255e-01  2.7603e-01
  7.2355e-01  2.7503e-01
  7.2455e-01  2.7404e-01
  7.2555e-01  2.7305e-01
  7.2655e-01  2.7206e-01
  7.2754e-01  2.7107e-01
  7.2854e-01  2.7008e-01
  7.2954e-01  2.6908e-01
  7.3054e-01  2.6809e-01
  7.3154e-01  2.6710e-01
  7.3253e-01  2.6611e-01
  7.3353e-01  2.6511e-01
  7.3453e-01  2.6412e-01
  7.3553e-01  2.6313e-01
  7.3653e-01  2.6214e-01
  7.3752e-01  2.6114e-01
  7.3852e-01  2.6015e-01
  7.3952e-01  2.5916e-01
  7.4052e-01  2.5817e-01
  7.4152e-01  2.5717e-01
  7.4251e-01  2.5618e-01
  7.4351e-01  2.5519e-01
  7.4451e-01  2.5419e-01
  7.4551e-01  2.5320e-01
  7.4651e-01  2.5221e-01
  7.4750e-01  2.5121e-01
  7.4850e-01  2.5022e-01
  7.4950e-01  2.4923e-01
  7.5050e-01  2.4823e-01
  7.5150e-01  2.4724e-01
  7.5250e-01  2.4625e-01
  7.5349e-01  2.4525e-01
  7.5449e-01  2.4426e-01
  7.5549e-01  2.4327e-01
  7.5649e-01  2.4227e-01
  7.5749e-01  2.4128e-01
  7.5848e-01  2.4028e-01
  7.5948e-01  2.3929e-01
  7.6048e-01  2.3830e-01
  7.6148e-01  2.3730e-01
  7.6248e-01  2.3631e-01
  7.6347e-01  2.3531e-01
  7.6447e-01  2.3432e-01
  7.6547e-01  2.3333e-01
  7.6647e-01  2.3233e-01
  7.6747e-01  2.3134e-01
  7.6846e-01  2.3034e-01
  7.6946e-01  2.2935e-01
  7.7046e-01  2.2835e-01
  7.7146e-01  2.2736e-01
  7.7246e-01  2.2636e-01
  7.7345e-01  2.2537e-01
  7.7445e-01  2.2438e-01
  7.7545e-01  2.2338e-01
  7.7645e-01  2.2239e-01
  7.7745e-01  2.2139e-01
  7.7844e-01  2.2040e-01
  7.7944e-01  2.1940e-01
  7.8044e-01  2.1841e-01
  7.8144e-01  2.1741e-01
  7.8244e-01  2.1642e-01
  7.8343e-01  2.1542e-01
  7.8443e-01  2.1443e-01
  7.8543e-01  2.1343e-01
  7.8643e-01  2.1244e-01
  7.8743e-01  2.1144e-01
  7.8842e-01  2.1045e-01
  7.8942e-01  2.0945e-01
  7.9042e-01  2.0846e-01
  7.9142e-01  2.0746e-01
  7.9242e-01  2.0647e-01
  7.9341e-01  2.0547e-01
  7.9441e-01  2.0448e-01
  7.9541e-01  2.0348e-01
  7.9641e-01  2.0248e-01
  7.9741e-01  2.0149e-01
  7.9840e-01  2.0049e-01
  7.9940e-01  1.9950e-01
  8.0040e-01  1.9850e-01
  8.0140e-01  1.9751e-01
  8.0240e-01  1.9651e-01
  8.0339e-01  1.9552e-01
  8.0439e-01  1.9452e-01
  8.0539e-01  1.9352e-01
  8.0639e-01  1.9253e-01
  8.0739e-01  1.9153e-01
  8.0838e-01  1.9054e-01
  8.0938e-01  1.8954e-01
  8.1038e-01  1.8854e-01
  8.1138e-01  1.8755e-01
  8.1238e-01  1.8655e-01
  8.1337e-01  1.8556e-01
  8.1437e-01  1.8456e-01
  8.1537e-01  1.8356e-01
  8.1637e-01  1.8257e-01
  8.1737e-01  1.8157e-01
  8.1836e-01  1.8058e-01
  8.1936e-01  1.7958e-01
  8.2036e-01  1.7858e-01
  8.2136e-01  1.7759e-01
  8.2236e-01  1.7659e-01
  8.2335e-01  1.7559e-01
  8.2435e-01  1.7460e-01
  8.2535e-01  1.7360e-01
  8.2635e-01  1.7261e-01
  8.2735e-01  1.7161e-01
  8.2834e-01  1.7061e-01
  8.2934e-01  1.6962e-01
  8.3034e-01  1.6862e-01
  8.3134e-01  1.6762e-01
  8.3234e-01  1.6663e-01
  8.3333e-01  1.6563e-01
  8.3433e-01  1.6463e-01
  8.3533e-01  1.6364e-01
  8.3633e-01  1.6264e-01
  8.3733e-01  1.6164e-01
  8.3832e-01  1.6065e-01
  8.3932e-01  1.5965e-01
  8.4032e-01  1.5865e-01
  8.4132e-01  1.5766e-01
  8.4232e-01  1.5666e-01
  8.4331e-01  1.5566e-01
  8.4431e-01  1.5467e-01
  8.4531e-01  1.5367e-01
  8.4631e-01  1.5267e-01
  8.4731e-01  1.5168e-01
  8.4830e-01  1.5068e-01
  8.4930e-01  1.4968e-01
  8.5030e-01  1.4869e-01
  8.5130e-01  1.4769e-01
  8.5230e-01  1.4669e-01
  8.5329e-01  1.4570e-01
  8.5429e-01  1.4470e-01
  8.5529e-01  1.4370e-01
  8.5629e-01  1.4270e-01
  8.5729e-01  1.4171e-01
  8.5828e-01  1.4071e-01
  8.5928e-01  1.3971e-01
  8.6028e-01  1.3872e-01
  8.6128e-01  1.3772e-01
  8.6228e-01  1.3672e-01
  8.6327e-01  1.3572e-01
  8.6427e-01  1.3473e-01
  8.6527e-01  1.3373e-01
  8.6627e-01  1.3273e-01
  8.6727e-01  1.3174e-01
  8.6826e-01  1.3074e-01
  8.6926e-01  1.2974e-01
  8.7026e-01  1.2874e-01
  8.7126e-01  1.2775e-01
  8.7226e-01  1.2675e-01
  8.7325e-01  1.2575e-01
  8.7425e-01  1.2475e-01
  8.7525e-01  1.2376e-01
  8.7625e-01  1.2276e-01
  8.7725e-01  1.2176e-01
  8.7824e-01  1.2077e-01
  8.7924e-01  1.1977e-01
  8.8024e-01  1.1877e-01
  8.8124e-01  1.1777e-01
  8.8224e-01  1.1678e-01
  8.8323e-01  1.1578e-01
  8.8423e-01  1.1478e-01
  8.8523e-01  1.1378e-01
  8.8623e-01  1.1279e-01
  8.8723e-01  1.1179e-01
  8.8822e-01  1.1079e-01
  8.8922e-01  1.0979e-01
  8.9022e-01  1.0879e-01
  8.9122e-01  1.0780e-01
  8.9222e-01  1.0680e-01
  8.9321e-01  1.0580e-01
  8.9421e-01  1.0480e-01
  8.9521e-01  1.0381e-01
  8.9621e-01  1.0281e-01
  8.9721e-01  1.0181e-01
  8.9820e-01  1.0081e-01
  8.9920e-01  9.9816e-02
  9.0020e-01  9.8818e-02
  9.0120e-01  9.7821e-02
  9.0220e-01  9.6823e-02
  9.0319e-01  9.5825e-02
  9.0419e-01  9.4827e-02
  9.0519e-01  9.3830e-02
  9.0619e-01  9.2832e-02
  9.0719e-01  9.1834e-02
  9.0818e-01  9.0836e-02
  9.0918e-01  8.9838e-02
  9.1018e-01  8.8841e-02
  9.1118e-01  8.7843e-02
  9.1218e-01  8.6845e-02
  9.1317e-01  8.5847e-02
  9.1417e-01  8.4849e-02
  9.1517e-01  8.3851e-02
  9.1617e-01  8.2853e-02
  9.1717e-01  8.1856e-02
  9.1816e-01  8.0858e-02
  9.1916e-01  7.9860e-02
  9.2016e-01  7.8862e-02
  9.2116e-01  7.7864e-02
  9.2216e-01  7.6866e-02
  9.2315e-01  7.5868e-02
  9.2415e-01  7.4870e-02
  9.2515e-01  7.3872e-02
  9.2615e-01  7.2874e-02
  9.2715e-01  7.1876e-02
  9.2814e-01  7.0878e-02
  9.2914e-01  6.9880e-02
  9.3014e-01  6.8882e-02
  9.3114e-01  6.7884e-02
  9.3214e-01  6.6886e-02
  9.3313e-01  6.5888e-02
  9.3413e-01  6.4890e-02
  9.3513e-01  6.3892e-02
  9.3613e-01  6.2894e-02
  9.3713e-01  6.1895e-02
  9.3812e-01  6.0897e-02
  9.3912e-01  5.9899e-02
  9.4012e-01  5.8901e-02
  9.4112e-01  5.7903e-02
  9.4212e-01  5.6905e-02
  9.4311e-01  5.5907e-02
  9.4411e-01  5.4909e-02
  9.4511e-01  5.3910e-02
  9.4611e-01  5.2912e-02
  9.4711e-01  5.1914e-02
  9.4810e-01  5.0916e-02
  9.4910e-01  4.9918e-02
  9.5010e-01  4.8919e-02
  9.5110e-01  4.7921e-02
  9.5210e-01  4.6923e-02
  9.5309e-01  4.5925e-02
  9.5409e-01  4.4927e-02
  9.5509e-01  4.3928e-02
  9.5609e-01  4.2930e-02
  9.5709e-01  4.1932e-02
  9.5808e-01  4.0934e-02
  9.5908e-01  3.9935e-02
  9.6008e-01  3.8937e-02
  9.6108e-01  3.7939e-02
  9.6208e-01  3.6941e-02
  9.6307e-01  3.5942e-02
  9.6407e-01  3.4944e-02
  9.6507e-01  3.3946e-02
  9.6607e-01  3.2947e-02
  9.6707e-01  3.1949e-02
  9.6806e-01  3.0951e-02
  9.6906e-01  2.9952e-02
  9.7006e-01  2.8954e-02
  9.7106e-01  2.7956e-02
  9.7206e-01  2.6957e-02
  9.7305e-01  2.5959e-02
  9.7405e-01  2.4961e-02
  9.7505e-01  2.3962e-02
  9.7605e-01  2.2964e-02
  9.7705e-01  2.1966e-02
  9.7804e-01  2.0967e-02
  9.7904e-01  1.9969e-02
  9.8004e-01  1.8970e-02
  9.8104e-01  1.7972e-02
  9.8204e-01  1.6974e-02
  9.8303e-01  1.5975e-02
  9.8403e-01  1.4977e-02
  9.8503e-01  1.3978e-02
  9.8603e-01  1.2980e-02
  9.8703e-01  1.1982e-02
  9.8802e-01  1.0983e-02
  9.8902e-01  9.9847e-03
  9.9002e-01  8.9862e-03
  9.9102e-01  7.9878e-03
  9.9202e-01  6.9893e-03
  9.9301e-01  5.9909e-03
  9.9401e-01  4.9924e-03
  9.9501e-01  3.9939e-03
  9.9601e-01  2.9954e-03
  9.9701e-01  1.9970e-03
  9.9800e-01  9.9849e-04
  1.0000e+00  0.0000e+00
